,Da,Meta_Da,Mratio,participant,Mrato_Log,Group,DotDifference,Mean_RT
0,1.02302116614,1.02769076852,1.00456452177,1,0.00455413592945,Monolingual,6.28358208955,0.93605657274
1,1.05545315802,0.927445349502,0.87871767918,2,-0.129291616983,Monolingual,5.095,0.902410491402
2,1.15251885595,0.930640524674,0.807483990277,3,-0.213832050364,Monolingual,4.92,0.83813374893
3,1.05152342158,0.882009751492,0.83879230209,4,-0.175792157285,Monolingual,4.405,0.813765175628
4,1.02762241103,1.17574592028,1.14414196077,5,0.134654976838,Monolingual,4.77611940299,1.03558110728
5,0.983160649054,0.703285088089,0.715330794378,6,-0.335010193797,Monolingual,3.92,0.909628700745
6,1.13116487069,1.23835189467,1.0947580912,7,0.0905334175832,Monolingual,4.605,0.959899256182
7,1.00940993648,1.11625195787,1.1058460171,8,0.100610668362,Monolingual,4.82,0.826312018393
8,1.22371504183,1.12871552938,0.9223679458,9,-0.0808110614984,Monolingual,6.74384236453,1.00290353453
9,1.15980748045,0.485530874009,0.418630576361,10,-0.870766427297,Monolingual,5.36,0.738652753787
10,1.0562446448,0.682461418425,0.64612059506,11,-0.436769112963,Monolingual,4.905,1.00054806291
11,1.11340850373,1.01956818229,0.91571797671,12,-0.0880468474023,Monolingual,4.75,0.872030068199
12,1.12096483622,0.679685186813,0.606339436216,13,-0.500315323956,Monolingual,4.407960199,1.05618243447
13,1.02053422982,1.08111117881,1.0593580766,14,0.0576631365682,Monolingual,5.585,0.696478490851
14,1.23839712255,0.975385851089,0.787619603867,15,-0.238740041889,Monolingual,4.875,0.955133408964
15,1.12150055769,1.19698480398,1.06730647237,16,0.0651381591625,Monolingual,4.365,0.98370746225
16,1.00660365297,0.982241248407,0.975797420867,17,-0.0245002747002,Monolingual,3.92039800995,1.13039179057
17,1.07838275393,0.808487880397,0.749722561354,18,-0.288052059084,Monolingual,7.07,0.849034830375
18,1.16413984036,1.02252359871,0.878351176777,19,-0.129708791765,Monolingual,8.67164179104,0.767895365751
19,1.00668658018,0.937351227767,0.931125184567,20,-0.0713615482667,Monolingual,5.82,0.705931146684
20,0.982563652649,0.5713490974,0.581488126351,21,-0.542164726232,Monolingual,5.715,0.753402395456
21,1.03558470023,1.15340653298,1.1137732459,22,0.107753571325,Monolingual,5.355,0.87486229019
22,1.10340186446,1.40187059399,1.2704986634,23,0.239409471751,Monolingual,6.15,0.790651974017
23,1.16825892588,1.23925322966,1.0607693228,24,0.0589944211022,Monolingual,5.91176470588,1.13362083905
24,0.954560138178,0.840786743406,0.880810657997,25,-0.126912593287,Monolingual,5.31343283582,0.835306374954
25,1.13102265512,1.04668664194,0.92543384273,26,-0.0774926322573,Monolingual,9.46,0.73510360048
26,1.0614256288,0.884853071815,0.833645851207,27,-0.181946605649,Monolingual,11.095,0.727387762005
27,1.11558942451,1.50764760054,1.35143590233,28,0.301167658553,Monolingual,10.355,0.44835652912
28,1.0839661884,1.34114150892,1.23725400597,29,0.212894412643,Monolingual,5.64,0.716483815008
29,1.13640868842,0.820285586591,0.721822698953,30,-0.325975739564,Monolingual,4.58,0.950324595574
30,1.08834291991,1.08291809571,0.995015519367,71,-0.00499694459175,Monolingual,5.57425742574,1.01137334908
31,1.25623100856,1.32130127913,1.05179801337,72,0.0505010933775,Monolingual,6.91542288557,0.927055623253
32,0.978680756781,1.06548564159,1.08869581241,31,0.0849804774844,Bilingual,5.935,0.72036858179
33,1.27077270234,1.1169194574,0.87892937529,32,-0.12905073118,Bilingual,5.35,0.971658288274
34,0.92316813046,1.29872878338,1.4068171772,33,0.341329831665,Bilingual,5.88118811881,1.07753507936
35,1.01174994286,0.840950053735,0.831183692842,34,-0.184904458203,Bilingual,6.24,0.934185739827
36,0.980639132826,0.773411885464,0.788681442107,35,-0.237392788579,Bilingual,8.40886699507,0.88108251445
37,0.999798160692,0.5140382801,0.514142054176,36,-0.665255681718,Bilingual,6.67164179104,0.864471881734
38,1.03647132102,0.178541780484,0.172259257793,37,-1.75875462427,Bilingual,6.06,0.920080845538
39,1.21052809485,0.1245471845,0.102886653379,38,-2.27412734933,Bilingual,5.48514851485,0.952873171618
40,0.971150724975,1.06448545994,1.0961073627,39,0.0917651423991,Bilingual,3.20895522388,0.894831765775
41,0.988354003447,0.817350317831,0.826981339662,40,-0.189973148104,Bilingual,3.59,0.752647341105
42,1.12052150295,0.639115445408,0.570373209014,41,-0.561464379754,Bilingual,5.7960199005,0.916561867501
43,1.10025430052,0.608917432644,0.55343335841,42,-0.591613934425,Bilingual,6.39,0.750278151437
44,0.96249214212,0.9710283441,1.00886885368,43,0.00882975639588,Bilingual,5.75,0.820696938987
45,1.12606630562,0.909497868355,0.807677011397,44,-0.213593038748,Bilingual,5.98,0.970105742095
46,1.07549136451,0.66662358616,0.619831649195,45,-0.478307371371,Bilingual,4.23,0.902642630478
47,0.989236275978,0.759594037463,0.767859060478,46,-0.264149077678,Bilingual,4.13930348259,0.905186973839
48,1.06860979053,0.693282087858,0.648770106734,47,-0.432676851944,Bilingual,4.46,0.859910468218
49,1.1095682633,0.620093933578,0.558860553324,48,-0.581855294329,Bilingual,4.035,0.99178272988
50,0.990035036743,0.524115764746,0.529391127883,49,-0.636027748145,Bilingual,6.715,0.82522523
51,1.05250989644,0.54033243123,0.513375155007,50,-0.666748404769,Bilingual,4.16336633663,0.935463235147
52,1.09051683798,0.848530329951,0.778099246524,52,-0.250901196713,Bilingual,7.325,0.681282843016
53,0.925678703107,0.542906602643,0.586495725592,53,-0.533589898909,Bilingual,4.395,0.981200462872
54,1.06988233119,1.04744237824,0.9790257748,54,-0.0211973091169,Bilingual,6.04,0.853860309076
55,1.00899651393,1.08974775512,1.08003123903,55,0.0769899657487,Bilingual,,
56,0.983769134566,0.630697476647,0.641103135366,56,-0.444564937397,Bilingual,4.51,0.87973840198
57,1.06310120413,0.693749716192,0.652571658745,57,-0.426834323985,Bilingual,4.88,0.905937343643
58,1.03820847589,1.25780160425,1.21151159277,58,0.191868830165,Bilingual,4.64851485149,1.05710211338
59,1.16869843446,0.808439141809,0.691743154584,59,-0.368540556158,Bilingual,4.99502487562,0.876354314206
